2.610106124182452731e+03
3.294106124182452731e+03
3.194106124182452731e+03
3.094106124182452731e+03
2.994106124182452731e+03
5.288971676571381977e+03
5.088971676571381977e+03
4.571971676571381977e+03
4.471971676571381977e+03
4.371971676571381977e+03
4.271971676571381977e+03
4.187971676571381977e+03
4.303971676571381977e+03
1.984106124182452731e+03
2.830971676571382432e+03
3.027739445414877991e+03
1.919739445414878219e+03
4.127394454148782188e+02
-6.352605545851217812e+02
-8.082605545851217812e+02
-3.115260554585122009e+03
